avg_mse: 575.969184
std_mse: 558.933085
avg_num_of_selected_nodes: 19.000000
std_num_of_selected_nodes: 1.095445
avg_optimal_dis: 8307.363640 
std_optimal_dis: 193.834507 
avg_optimal_energy_cost: 8307.363640 
std_optimal_energy_cost: 193.834507 
