avg_mse: 8659.648209
std_mse: 1950.662979
avg_num_of_selected_nodes: 5.000000
std_num_of_selected_nodes: 0.632456
avg_optimal_dis: 6181.543249 
std_optimal_dis: 189.760481 
avg_optimal_energy_cost: 6181.543249 
std_optimal_energy_cost: 189.760481 
