1.347529566347891253e-04 6.393516633933128289e-05 1.059353453193729580e-04 4.537936175957514329e-05 1.109165760283034862e-04 1.172554415974180173e-04 2.280486823541417324e-04 1.057944898246151511e-04 1.195332005693315245e-04 5.600195098708918783e-05 5.970734021762733436e-05 1.464383817711946098e-04 1.122948969058824961e-04 1.983866704183827225e-04 6.091499475042081547e-05 1.175860001195832666e-04 1.440061717181389384e-04 9.643484782053391683e-05 -2.300496296701852206e-05 2.441046819715839741e-04 1.047180264876090855e-04 1.027814815628310790e-04 9.621675524853649580e-05 2.229127635569098345e-04 1.490315198321675357e-04 2.290009736552647130e-04 9.047861211734491301e-05 1.485370428338937307e-04 2.128236958707877013e-04 3.282168354104458342e-05 7.293969490504720202e-05 1.958795799545127851e-05
6.393516633933128289e-05 5.957243704294033554e-05 6.465986912951726272e-05 2.949608049590722865e-05 5.291053809603101697e-05 6.749949387444241229e-05 1.152160049434157153e-04 6.194090094597326848e-05 6.597701998930176727e-05 3.305085525664351137e-05 4.227230099766491434e-05 8.671356033107390654e-05 7.118814762140465323e-05 1.133302939401587402e-04 2.903383190817933538e-05 6.829138976254983163e-05 7.080913159674963016e-05 6.964097589671854245e-05 -9.150302288026794319e-06 1.625417201278179060e-04 5.743915741257534186e-05 6.198438504692730712e-05 5.374843118240498093e-05 1.346522502642019106e-04 8.860153845991607395e-05 1.114254638589801414e-04 5.604250260656621225e-05 8.007893968261385381e-05 1.217674289031833972e-04 1.668523293113635797e-05 4.758608631135231317e-05 2.966657115414185518e-05
1.059353453193729580e-04 6.465986912951726272e-05 1.130360351383369761e-04 5.942498211767953945e-05 7.421889551396186721e-05 1.207459455034085418e-04 1.969909793608072373e-04 1.017563285536566723e-04 1.104523242544480318e-04 4.562094407821455741e-05 6.540560057610539607e-05 1.518757299556103800e-04 1.172626303811175752e-04 1.959537155499582197e-04 5.468910032208938537e-05 1.127995194608503944e-04 1.280163935380026704e-04 1.014598471513990984e-04 -1.358454425364405721e-05 2.551923154551103898e-04 9.897748210054226504e-05 1.098655378487649754e-04 9.914150147630169203e-05 2.088795907525209069e-04 1.527868908733499137e-04 1.846592275023837887e-04 8.177678946750449650e-05 1.425583251056644347e-04 1.920780456875277760e-04 2.854924158983923279e-05 8.402579914989246994e-05 3.040801532654653782e-05
4.537936175957514329e-05 2.949608049590722865e-05 5.942498211767953945e-05 4.646743552981834693e-05 1.225864491541069009e-05 6.726098417191051523e-05 9.538127944638023434e-05 5.436947042168739039e-05 5.559464781534718606e-05 1.044386528614777817e-05 4.779550164151014969e-05 9.020875975793957277e-05 5.570729516689512396e-05 1.071982352175617089e-04 3.214775947653110563e-05 5.175631095947697604e-05 7.099540145993280937e-05 6.234960361334400934e-05 -1.031060019468741009e-05 1.044114675065392053e-04 5.093976464947146842e-05 6.391753884740970391e-05 6.713779657684200897e-05 1.014285238164026529e-04 7.728141956996272433e-05 8.314761362516362951e-05 4.648023846829443660e-05 7.989643005151497008e-05 8.556242319055934215e-05 1.420612572615764868e-05 5.843628143201275914e-05 1.533153208302576770e-05
1.109165760283034862e-04 5.291053809603101697e-05 7.421889551396186721e-05 1.225864491541069009e-05 1.433160358548995832e-04 7.402072435560823620e-05 1.536033406269324622e-04 7.409330919413784631e-05 9.069499165185828087e-05 6.506137735360680984e-05 1.766631791280596066e-05 7.697017964944746185e-05 8.474096508547261566e-05 1.391939215178225196e-04 4.087035274478857216e-05 9.946435957582596440e-05 9.655573789011627766e-05 5.251899042177530163e-05 -2.503860030671946758e-05 2.507815961240377161e-04 7.599533034419091930e-05 6.357596050346482326e-05 4.727377903894440362e-05 1.772979159199237066e-04 1.117164816621846912e-04 1.904099570799955776e-04 7.494046633430831092e-05 1.006280704593120090e-04 1.901959994791341583e-04 2.576989251357768559e-05 3.976497451884343021e-05 -1.157090919917944314e-06
1.172554415974180173e-04 6.749949387444241229e-05 1.207459455034085418e-04 6.726098417191051523e-05 7.402072435560823620e-05 1.412458798833930544e-04 2.199227093696277079e-04 1.134749787249937956e-04 1.247800659700331824e-04 4.496900393927170876e-05 8.568880221361356835e-05 1.807337494048643690e-04 1.232884300712799560e-04 2.204523592510357355e-04 6.561544154503194302e-05 1.221090945826862394e-04 1.455352866511473665e-04 1.164499391145437483e-04 -2.108632787013695899e-05 2.322471909768416686e-04 1.128172541424917065e-04 1.233869703419744287e-04 1.222592775110408359e-04 2.247416953388307122e-04 1.650195693018232941e-04 2.088016999396325618e-04 9.598655886781283920e-05 1.655916537700666551e-04 1.976371150179218007e-04 3.382730180688531680e-05 9.690413508237828602e-05 3.374462909673907871e-05
2.280486823541417324e-04 1.152160049434157153e-04 1.969909793608072373e-04 9.538127944638023434e-05 1.536033406269324622e-04 2.199227093696277079e-04 4.553983521078508847e-04 1.954496819807215072e-04 2.133874119432938434e-04 9.117872841528850900e-05 1.227437796217404297e-04 2.871358256094191496e-04 2.056375267115082537e-04 3.556342068332329583e-04 1.066605249650732416e-04 2.057164853375409832e-04 2.691945920654615428e-04 1.835035980775587587e-04 -3.694955784305856546e-05 4.127272078764162157e-04 1.922038696298399843e-04 1.958330392427602934e-04 1.888625215533850700e-04 3.980290279540021165e-04 2.681636789802170216e-04 3.806230702624144487e-04 1.537083164134374022e-04 2.700094668612039212e-04 3.619465138031370066e-04 5.624390200316650473e-05 1.384488198479999813e-04 5.042036805865338772e-05
1.057944898246151511e-04 6.194090094597326848e-05 1.017563285536566723e-04 5.436947042168739039e-05 7.409330919413784631e-05 1.134749787249937956e-04 1.954496819807215072e-04 1.019102723622112536e-04 1.071010740436551624e-04 4.443185316356974168e-05 6.653320700818669646e-05 1.466065675672928589e-04 1.031118205418194095e-04 1.842595737834626228e-04 5.260869675254521482e-05 1.048931093475573761e-04 1.229728874695823883e-04 1.035670736616220151e-04 -2.202434045860777261e-05 2.105636770055190109e-04 9.481056415747488161e-05 9.886906991226580084e-05 1.003679042379089113e-04 2.029675513730978646e-04 1.406604959632673339e-04 1.826421137415913448e-04 8.158127835507869585e-05 1.344920247512167545e-04 1.751377975283576046e-04 2.805214386487010208e-05 8.008567127766464257e-05 3.053087022325067884e-05
1.195332005693315245e-04 6.597701998930176727e-05 1.104523242544480318e-04 5.559464781534718606e-05 9.069499165185828087e-05 1.247800659700331824e-04 2.133874119432938434e-04 1.071010740436551624e-04 1.257615843351307964e-04 5.033598139338628033e-05 6.838753883005745766e-05 1.623355476484100973e-04 1.191549319089456191e-04 2.130611508689032657e-04 6.062477451796849235e-05 1.194045522365372308e-04 1.395886731691227726e-04 1.013478924574442129e-04 -3.536480762538365236e-05 2.423417215742174535e-04 1.063862452776760664e-04 1.178879977539169132e-04 1.024247831808652740e-04 2.164577352725189816e-04 1.478183609340023310e-04 2.103806544042776218e-04 8.882594276658940932e-05 1.561374441370210104e-04 2.157476560030559601e-04 3.155969687716784973e-05 8.241054644507860428e-05 2.432790284547220106e-05
5.600195098708918783e-05 3.305085525664351137e-05 4.562094407821455741e-05 1.044386528614777817e-05 6.506137735360680984e-05 4.496900393927170876e-05 9.117872841528850900e-05 4.443185316356974168e-05 5.033598139338628033e-05 3.865931646300658088e-05 1.320582362598527072e-05 5.060703778731022592e-05 5.324389293150510875e-05 7.900623341661735589e-05 1.983150094691556514e-05 5.518369437579494414e-05 4.977039946067437684e-05 3.757122505546077522e-05 -1.154964256436347047e-05 1.491511284050427654e-04 4.326598157017307625e-05 3.954939489892000509e-05 2.855356279359108046e-05 1.014130803948744053e-04 6.680225970455616125e-05 9.482203019900418040e-05 3.952533428785396123e-05 5.413571633884683103e-05 1.022726348095293508e-04 1.339794432005905929e-05 2.518475819962976342e-05 6.834673439806387935e-06
5.970734021762733436e-05 4.227230099766491434e-05 6.540560057610539607e-05 4.779550164151014969e-05 1.766631791280596066e-05 8.568880221361356835e-05 1.227437796217404297e-04 6.653320700818669646e-05 6.838753883005745766e-05 1.320582362598527072e-05 9.425739210973685335e-05 1.208059795467706613e-04 6.213233627630800873e-05 1.285495174659289849e-04 4.152580684238013208e-05 6.266228455738487519e-05 8.958682437069565474e-05 8.476682139233177699e-05 -1.841306282490519507e-05 8.491211914412267125e-05 6.342888815434095549e-05 7.255765845685192622e-05 8.729974278463188968e-05 1.268375641158362159e-04 9.044652522925973712e-05 1.124126097037578118e-04 6.489554055433192188e-05 9.938942819694802575e-05 9.358034677348761924e-05 1.967714094090395853e-05 6.872630308306236946e-05 2.993680908408201879e-05
1.464383817711946098e-04 8.671356033107390654e-05 1.518757299556103800e-04 9.020875975793957277e-05 7.697017964944746185e-05 1.807337494048643690e-04 2.871358256094191496e-04 1.466065675672928589e-04 1.623355476484100973e-04 5.060703778731022592e-05 1.208059795467706613e-04 2.545266665559225267e-04 1.579818721875164819e-04 2.880572209102312260e-04 8.287270869499352031e-05 1.548728677278749769e-04 1.871319524900717812e-04 1.572354167657299268e-04 -2.578076706752749464e-05 2.542259999766176910e-04 1.426612923706081738e-04 1.650622980431634993e-04 1.607958708310813800e-04 2.835895648506832605e-04 2.036236057598019369e-04 2.581185888301863762e-04 1.181225654190503575e-04 2.139841275779099771e-04 2.448185386272979281e-04 4.211180530306809637e-05 1.254754323873896195e-04 5.638316205559864826e-05
1.122948969058824961e-04 7.118814762140465323e-05 1.172626303811175752e-04 5.570729516689512396e-05 8.474096508547261566e-05 1.232884300712799560e-04 2.056375267115082537e-04 1.031118205418194095e-04 1.191549319089456191e-04 5.324389293150510875e-05 6.213233627630800873e-05 1.579818721875164819e-04 1.379213103158801932e-04 2.127137715366789270e-04 5.534575502683032237e-05 1.237393942106726930e-04 1.324117881192911318e-04 9.889307430237733744e-05 -9.857088721278925504e-06 2.972439804839312281e-04 1.029116414999261685e-04 1.215254694126873902e-04 9.170034803058675090e-05 2.171249288840993753e-04 1.572690506375522582e-04 1.967906745425111400e-04 8.218463693500380131e-05 1.508043820717957660e-04 2.190088592730744343e-04 2.941086008170025511e-05 8.210037260808300899e-05 3.309339472225479676e-05
1.983866704183827225e-04 1.133302939401587402e-04 1.959537155499582197e-04 1.071982352175617089e-04 1.391939215178225196e-04 2.204523592510357355e-04 3.556342068332329583e-04 1.842595737834626228e-04 2.130611508689032657e-04 7.900623341661735589e-05 1.285495174659289849e-04 2.880572209102312260e-04 2.127137715366789270e-04 3.807379820833258193e-04 1.073468674790879236e-04 2.079189057702521205e-04 2.414762392176747659e-04 1.844708215658879939e-04 -4.688384525062241545e-05 4.374213023802034079e-04 1.818762736515620003e-04 2.114990564792582029e-04 1.831298939649981118e-04 3.746339414832594388e-04 2.624336434087708278e-04 3.548122315151198774e-04 1.576237470241135662e-04 2.748846987596772692e-04 3.637814428042642628e-04 5.401149843706220150e-05 1.560662923782162351e-04 4.904932695310257616e-05
6.091499475042081547e-05 2.903383190817933538e-05 5.468910032208938537e-05 3.214775947653110563e-05 4.087035274478857216e-05 6.561544154503194302e-05 1.066605249650732416e-04 5.260869675254521482e-05 6.062477451796849235e-05 1.983150094691556514e-05 4.152580684238013208e-05 8.287270869499352031e-05 5.534575502683032237e-05 1.073468674790879236e-04 3.929630705727557268e-05 5.729919067566149329e-05 7.698681930584103724e-05 5.131006357653902745e-05 -1.779157595990155707e-05 1.102009611303651781e-04 5.563745249714265013e-05 6.016692862519313267e-05 6.133432401753869019e-05 1.046384187848526585e-04 7.458581004832760103e-05 1.101864683758594645e-04 5.407428958700338854e-05 8.524322877322265267e-05 9.956315546583022744e-05 1.845164248932925266e-05 4.739903472203454461e-05 3.165006283795176961e-06
1.175860001195832666e-04 6.829138976254983163e-05 1.127995194608503944e-04 5.175631095947697604e-05 9.946435957582596440e-05 1.221090945826862394e-04 2.057164853375409832e-04 1.048931093475573761e-04 1.194045522365372308e-04 5.518369437579494414e-05 6.266228455738487519e-05 1.548728677278749769e-04 1.237393942106726930e-04 2.079189057702521205e-04 5.729919067566149329e-05 1.278327516119264569e-04 1.313672341211879222e-04 9.996765082291777518e-05 -1.402448078307192707e-05 2.805605681042107661e-04 1.031236695627702133e-04 1.138001842653141765e-04 9.465216866034826192e-05 2.215862941842672675e-04 1.567774661385860164e-04 2.027250829508354989e-04 8.841061816846012102e-05 1.509273074087814275e-04 2.121591065126949985e-04 3.136062844649615476e-05 8.091607720286109738e-05 2.822528188895616566e-05
1.440061717181389384e-04 7.080913159674963016e-05 1.280163935380026704e-04 7.099540145993280937e-05 9.655573789011627766e-05 1.455352866511473665e-04 2.691945920654615428e-04 1.229728874695823883e-04 1.395886731691227726e-04 4.977039946067437684e-05 8.958682437069565474e-05 1.871319524900717812e-04 1.324117881192911318e-04 2.414762392176747659e-04 7.698681930584103724e-05 1.313672341211879222e-04 1.923606819615445622e-04 1.205783258071706541e-04 -3.439184323299063136e-05 2.806247419081838563e-04 1.263455555685720337e-04 1.369680022724702238e-04 1.317808263413992398e-04 2.538046693484081323e-04 1.766176681077747312e-04 2.495986243830281546e-04 1.154994514757960521e-04 1.874503435020357918e-04 2.458015010099776727e-04 3.701971534991165680e-05 1.066228956947669690e-04 1.482657522443240902e-05
9.643484782053391683e-05 6.964097589671854245e-05 1.014598471513990984e-04 6.234960361334400934e-05 5.251899042177530163e-05 1.164499391145437483e-04 1.835035980775587587e-04 1.035670736616220151e-04 1.013478924574442129e-04 3.757122505546077522e-05 8.476682139233177699e-05 1.572354167657299268e-04 9.889307430237733744e-05 1.844708215658879939e-04 5.131006357653902745e-05 9.996765082291777518e-05 1.205783258071706541e-04 1.428443065193102759e-04 -1.606242202920462274e-05 1.847904132176032799e-04 9.012658979668818396e-05 9.683976070092842185e-05 1.093804183037655947e-04 2.128970883323300350e-04 1.449312308920541997e-04 1.692322418502391985e-04 1.025509125414911010e-04 1.313483262480298565e-04 1.524272009329784630e-04 2.676584176118361621e-05 9.587407591511838635e-05 4.272675015913884471e-05
-2.300496296701852206e-05 -9.150302288026794319e-06 -1.358454425364405721e-05 -1.031060019468741009e-05 -2.503860030671946758e-05 -2.108632787013695899e-05 -3.694955784305856546e-05 -2.202434045860777261e-05 -3.536480762538365236e-05 -1.154964256436347047e-05 -1.841306282490519507e-05 -2.578076706752749464e-05 -9.857088721278925504e-06 -4.688384525062241545e-05 -1.779157595990155707e-05 -1.402448078307192707e-05 -3.439184323299063136e-05 -1.606242202920462274e-05 1.504719915369505303e-04 -2.907211078842828573e-05 -2.429822228857075292e-05 -2.738691325603910255e-05 -2.324824917824027182e-05 -3.489453463108159486e-05 -7.418496502166462739e-06 -4.884417730411899340e-05 -2.789530980466351390e-05 -3.587796173948295576e-05 -6.005869561812997868e-05 -6.357025496040421711e-06 -1.675385409964446105e-05 6.257206460629991688e-07
2.441046819715839741e-04 1.625417201278179060e-04 2.551923154551103898e-04 1.044114675065392053e-04 2.507815961240377161e-04 2.322471909768416686e-04 4.127272078764162157e-04 2.105636770055190109e-04 2.423417215742174535e-04 1.491511284050427654e-04 8.491211914412267125e-05 2.542259999766176910e-04 2.972439804839312281e-04 4.374213023802034079e-04 1.102009611303651781e-04 2.805605681042107661e-04 2.806247419081838563e-04 1.847904132176032799e-04 -2.907211078842828573e-05 9.549814291380094534e-04 2.111474385989995566e-04 2.490693353011681072e-04 1.516177124706242412e-04 5.016613352502111980e-04 3.574199138039028684e-04 4.234422411099163772e-04 1.980009540918278290e-04 3.023502390169511460e-04 5.595539215708822834e-04 5.891826668743911421e-05 1.737089617166594181e-04 2.551046762798520471e-05
1.047180264876090855e-04 5.743915741257534186e-05 9.897748210054226504e-05 5.093976464947146842e-05 7.599533034419091930e-05 1.128172541424917065e-04 1.922038696298399843e-04 9.481056415747488161e-05 1.063862452776760664e-04 4.326598157017307625e-05 6.342888815434095549e-05 1.426612923706081738e-04 1.029116414999261685e-04 1.818762736515620003e-04 5.563745249714265013e-05 1.031236695627702133e-04 1.263455555685720337e-04 9.012658979668818396e-05 -2.429822228857075292e-05 2.111474385989995566e-04 9.667479512624376685e-05 1.015544483447344636e-04 9.781196622007889724e-05 1.910826127935462643e-04 1.357273478854931822e-04 1.840467647383794124e-04 8.188535943499383263e-05 1.382727400211227701e-04 1.799657923943288656e-04 2.879052416843149245e-05 7.610993582632309023e-05 1.924427563537145820e-05
1.027814815628310790e-04 6.198438504692730712e-05 1.098655378487649754e-04 6.391753884740970391e-05 6.357596050346482326e-05 1.233869703419744287e-04 1.958330392427602934e-04 9.886906991226580084e-05 1.178879977539169132e-04 3.954939489892000509e-05 7.255765845685192622e-05 1.650622980431634993e-04 1.215254694126873902e-04 2.114990564792582029e-04 6.016692862519313267e-05 1.138001842653141765e-04 1.369680022724702238e-04 9.683976070092842185e-05 -2.738691325603910255e-05 2.490693353011681072e-04 1.015544483447344636e-04 1.276472322420778023e-04 1.031020681437795221e-04 1.980996234394830102e-04 1.421649756461522364e-04 1.836779269106065746e-04 8.548347942549880678e-05 1.568509007660962246e-04 2.068786251104507280e-04 2.904522412632091688e-05 8.798681360065000747e-05 2.510822276392788319e-05
9.621675524853649580e-05 5.374843118240498093e-05 9.914150147630169203e-05 6.713779657684200897e-05 4.727377903894440362e-05 1.222592775110408359e-04 1.888625215533850700e-04 1.003679042379089113e-04 1.024247831808652740e-04 2.855356279359108046e-05 8.729974278463188968e-05 1.607958708310813800e-04 9.170034803058675090e-05 1.831298939649981118e-04 6.133432401753869019e-05 9.465216866034826192e-05 1.317808263413992398e-04 1.093804183037655947e-04 -2.324824917824027182e-05 1.516177124706242412e-04 9.781196622007889724e-05 1.031020681437795221e-04 1.265129627376722278e-04 1.890721660074430165e-04 1.378364014198592800e-04 1.735427157579272654e-04 9.287313173787899113e-05 1.453050371355117936e-04 1.463633629850444686e-04 2.985196356882793722e-05 9.512771868257472753e-05 2.501479024811531249e-05
2.229127635569098345e-04 1.346522502642019106e-04 2.088795907525209069e-04 1.014285238164026529e-04 1.772979159199237066e-04 2.247416953388307122e-04 3.980290279540021165e-04 2.029675513730978646e-04 2.164577352725189816e-04 1.014130803948744053e-04 1.268375641158362159e-04 2.835895648506832605e-04 2.171249288840993753e-04 3.746339414832594388e-04 1.046384187848526585e-04 2.215862941842672675e-04 2.538046693484081323e-04 2.128970883323300350e-04 -3.489453463108159486e-05 5.016613352502111980e-04 1.910826127935462643e-04 1.980996234394830102e-04 1.890721660074430165e-04 4.361186629338989528e-04 2.956580222753821892e-04 3.858907247155477795e-04 1.792348422405767188e-04 2.705829392054294718e-04 3.863770649682987299e-04 5.671026982320252909e-05 1.615605710932728966e-04 6.728481248991985473e-05
1.490315198321675357e-04 8.860153845991607395e-05 1.527868908733499137e-04 7.728141956996272433e-05 1.117164816621846912e-04 1.650195693018232941e-04 2.681636789802170216e-04 1.406604959632673339e-04 1.478183609340023310e-04 6.680225970455616125e-05 9.044652522925973712e-05 2.036236057598019369e-04 1.572690506375522582e-04 2.624336434087708278e-04 7.458581004832760103e-05 1.567774661385860164e-04 1.766176681077747312e-04 1.449312308920541997e-04 -7.418496502166462739e-06 3.574199138039028684e-04 1.357273478854931822e-04 1.421649756461522364e-04 1.378364014198592800e-04 2.956580222753821892e-04 2.211380796553601169e-04 2.594306857582482566e-04 1.193782889765010615e-04 1.914955051487666701e-04 2.571355965573294926e-04 4.009640540801391893e-05 1.197111445321175495e-04 3.651593543588760961e-05
2.290009736552647130e-04 1.114254638589801414e-04 1.846592275023837887e-04 8.314761362516362951e-05 1.904099570799955776e-04 2.088016999396325618e-04 3.806230702624144487e-04 1.826421137415913448e-04 2.103806544042776218e-04 9.482203019900418040e-05 1.124126097037578118e-04 2.581185888301863762e-04 1.967906745425111400e-04 3.548122315151198774e-04 1.101864683758594645e-04 2.027250829508354989e-04 2.495986243830281546e-04 1.692322418502391985e-04 -4.884417730411899340e-05 4.234422411099163772e-04 1.840467647383794124e-04 1.836779269106065746e-04 1.735427157579272654e-04 3.858907247155477795e-04 2.594306857582482566e-04 4.121201865348461950e-04 1.671849461258316418e-04 2.663839083769424868e-04 3.745653630304123069e-04 5.796019575238215939e-05 1.341623104708616736e-04 3.256704374109899467e-05
9.047861211734491301e-05 5.604250260656621225e-05 8.177678946750449650e-05 4.648023846829443660e-05 7.494046633430831092e-05 9.598655886781283920e-05 1.537083164134374022e-04 8.158127835507869585e-05 8.882594276658940932e-05 3.952533428785396123e-05 6.489554055433192188e-05 1.181225654190503575e-04 8.218463693500380131e-05 1.576237470241135662e-04 5.407428958700338854e-05 8.841061816846012102e-05 1.154994514757960521e-04 1.025509125414911010e-04 -2.789530980466351390e-05 1.980009540918278290e-04 8.188535943499383263e-05 8.548347942549880678e-05 9.287313173787899113e-05 1.792348422405767188e-04 1.193782889765010615e-04 1.671849461258316418e-04 1.097953158963969195e-04 1.239919462252488970e-04 1.557284805245982449e-04 2.696269239631656178e-05 8.089179770458670711e-05 5.465373959512834712e-06
1.485370428338937307e-04 8.007893968261385381e-05 1.425583251056644347e-04 7.989643005151497008e-05 1.006280704593120090e-04 1.655916537700666551e-04 2.700094668612039212e-04 1.344920247512167545e-04 1.561374441370210104e-04 5.413571633884683103e-05 9.938942819694802575e-05 2.139841275779099771e-04 1.508043820717957660e-04 2.748846987596772692e-04 8.524322877322265267e-05 1.509273074087814275e-04 1.874503435020357918e-04 1.313483262480298565e-04 -3.587796173948295576e-05 3.023502390169511460e-04 1.382727400211227701e-04 1.568509007660962246e-04 1.453050371355117936e-04 2.705829392054294718e-04 1.914955051487666701e-04 2.663839083769424868e-04 1.239919462252488970e-04 2.122594392939007233e-04 2.622512746162662168e-04 4.210654101552421618e-05 1.151560975184434817e-04 2.758982640884904356e-05
2.128236958707877013e-04 1.217674289031833972e-04 1.920780456875277760e-04 8.556242319055934215e-05 1.901959994791341583e-04 1.976371150179218007e-04 3.619465138031370066e-04 1.751377975283576046e-04 2.157476560030559601e-04 1.022726348095293508e-04 9.358034677348761924e-05 2.448185386272979281e-04 2.190088592730744343e-04 3.637814428042642628e-04 9.956315546583022744e-05 2.121591065126949985e-04 2.458015010099776727e-04 1.524272009329784630e-04 -6.005869561812997868e-05 5.595539215708822834e-04 1.799657923943288656e-04 2.068786251104507280e-04 1.463633629850444686e-04 3.863770649682987299e-04 2.571355965573294926e-04 3.745653630304123069e-04 1.557284805245982449e-04 2.622512746162662168e-04 4.553060210764460296e-04 5.134908884098842515e-05 1.323980768485471810e-04 2.534217142716702984e-05
3.282168354104458342e-05 1.668523293113635797e-05 2.854924158983923279e-05 1.420612572615764868e-05 2.576989251357768559e-05 3.382730180688531680e-05 5.624390200316650473e-05 2.805214386487010208e-05 3.155969687716784973e-05 1.339794432005905929e-05 1.967714094090395853e-05 4.211180530306809637e-05 2.941086008170025511e-05 5.401149843706220150e-05 1.845164248932925266e-05 3.136062844649615476e-05 3.701971534991165680e-05 2.676584176118361621e-05 -6.357025496040421711e-06 5.891826668743911421e-05 2.879052416843149245e-05 2.904522412632091688e-05 2.985196356882793722e-05 5.671026982320252909e-05 4.009640540801391893e-05 5.796019575238215939e-05 2.696269239631656178e-05 4.210654101552421618e-05 5.134908884098842515e-05 9.843441972944152749e-06 2.229445203489572805e-05 4.608251618081804782e-06
7.293969490504720202e-05 4.758608631135231317e-05 8.402579914989246994e-05 5.843628143201275914e-05 3.976497451884343021e-05 9.690413508237828602e-05 1.384488198479999813e-04 8.008567127766464257e-05 8.241054644507860428e-05 2.518475819962976342e-05 6.872630308306236946e-05 1.254754323873896195e-04 8.210037260808300899e-05 1.560662923782162351e-04 4.739903472203454461e-05 8.091607720286109738e-05 1.066228956947669690e-04 9.587407591511838635e-05 -1.675385409964446105e-05 1.737089617166594181e-04 7.610993582632309023e-05 8.798681360065000747e-05 9.512771868257472753e-05 1.615605710932728966e-04 1.197111445321175495e-04 1.341623104708616736e-04 8.089179770458670711e-05 1.151560975184434817e-04 1.323980768485471810e-04 2.229445203489572805e-05 8.962347738627388213e-05 1.415894721851086765e-05
1.958795799545127851e-05 2.966657115414185518e-05 3.040801532654653782e-05 1.533153208302576770e-05 -1.157090919917944314e-06 3.374462909673907871e-05 5.042036805865338772e-05 3.053087022325067884e-05 2.432790284547220106e-05 6.834673439806387935e-06 2.993680908408201879e-05 5.638316205559864826e-05 3.309339472225479676e-05 4.904932695310257616e-05 3.165006283795176961e-06 2.822528188895616566e-05 1.482657522443240902e-05 4.272675015913884471e-05 6.257206460629991688e-07 2.551046762798520471e-05 1.924427563537145820e-05 2.510822276392788319e-05 2.501479024811531249e-05 6.728481248991985473e-05 3.651593543588760961e-05 3.256704374109899467e-05 5.465373959512834712e-06 2.758982640884904356e-05 2.534217142716702984e-05 4.608251618081804782e-06 1.415894721851086765e-05 1.572489954401780636e-04
