avg_mse: 26187.146576
std_mse: 13259.939814
avg_num_of_selected_nodes: 10.200000
std_num_of_selected_nodes: 2.785678
avg_optimal_dis: 7022.590093 
std_optimal_dis: 49.126176 
avg_optimal_energy_cost: 7022.590093 
std_optimal_energy_cost: 49.126176 
