1.242877547646929161e+05 4.950529271323427565e+03 8.332200357347323734e+04 1.244667434512528780e+04 4.674330486658572772e+04 1.896062171693409255e+04 6.781911900075369340e+04 1.888463214391246220e+04 4.575417209320024995e+04 9.507710804315873247e+04 5.168638391964136827e+04 2.481480153691696250e+04 3.862902245245047652e+03 2.378257747248268424e+04 1.174778968475508882e+05 5.003100828911342978e+04 1.145106434576543543e+05 4.395359338068114448e+04 7.485851320186973680e+03 8.196432757981000759e+04 7.962834171940023953e+04 1.116876843232235260e+05 3.774611713427281211e+04 1.243745855343843868e+05 7.923117253562982660e+04 2.665645736695892992e+04 2.098210856794158099e+04 1.049684160799256788e+05 1.037720018531198002e+05 2.366402778330608635e+04 1.932056000369822505e+04 5.652936506157635449e+03 5.855074967237335659e+04 3.985179936747680040e+04 7.398530474962799053e+04
4.950529271323427565e+03 1.383388717663429561e+05 3.864877283449270180e+04 1.059572937520169507e+05 1.097699360090111877e+05 1.319591500962846039e+05 8.787903724841852090e+04 7.394189965661444876e+04 2.799792823099790621e+04 1.052383062469016004e+05 5.771371813396993093e+04 9.083139961223640421e+04 6.742000258761117584e+04 1.214445601860628376e+05 1.443265302104376315e+05 1.423821075832433999e+05 1.043190919047089701e+05 7.766619788523590250e+04 1.184789122033379099e+05 1.048051418180748005e+05 1.286043663240702153e+05 6.499081946939992486e+04 4.213176159453720174e+04 1.198642456024019339e+05 5.574871400627561525e+04 1.247274244753208040e+05 7.603993369064888975e+04 1.359922005806797533e+05 2.861670128805961212e+04 4.407730618966215116e+04 7.700748714491921419e+04 1.200640671008487989e+05 2.129519162053640321e+04 3.582453695797167893e+04 8.980724815465421125e+04
8.332200357347323734e+04 3.864877283449270180e+04 1.509970994102906261e+05 1.140405070955420961e+05 7.942151091507758247e+04 1.120921091591417353e+05 4.949845448327389022e+04 1.386117293045776933e+04 6.128532301470183302e+04 1.184795522571958572e+05 1.074291001955315733e+05 6.085601168114097527e+04 8.799185962369058689e+04 1.327646501520647507e+04 6.137361764161307656e+04 1.140913026250469120e+05 7.644498483021333232e+04 2.175659278170738617e+04 1.034686176931363152e+05 1.218349962958053948e+05 7.943841652935080901e+02 1.233913926350817346e+05 2.729625195548249030e+04 1.681170869796534816e+03 2.203094061990804403e+04 7.064740220783853147e+04 5.588133559547986079e+04 8.354457562578322541e+04 5.635011166088498430e+04 6.213553973280714126e+04 3.705084923739488204e+03 1.239033249823020597e+05 1.094809766595042456e+05 4.105613962172080210e+04 8.495417561649964773e+04
1.244667434512528780e+04 1.059572937520169507e+05 1.140405070955420961e+05 1.401116043518533988e+05 1.256515610548509358e+04 4.754846773963811575e+04 8.884491862160582968e+04 8.736484797510155477e+04 1.883624113539700193e+04 7.301296857473444834e+04 4.480367500231697340e+04 5.058138911943630956e+04 5.399745122432081553e+04 2.809561837357170953e+04 9.795020481245512201e+04 1.225838059441226069e+05 4.193527166301105353e+03 1.226176473606497457e+05 8.768098153690056643e+04 7.006189553577080369e+04 8.249937440692163364e+03 2.439700749229364374e+04 8.543996940290546627e+04 1.345982400048350974e+05 8.474300223243682922e+03 2.442404555621999680e+04 4.569269219651047752e+04 6.809868301708748913e+04 8.730597804725417518e+04 5.837334141181961058e+03 8.482176678214046115e+04 1.037387250643161387e+05 8.494281539573341433e+04 6.320677275303297210e+04 1.144674789215508208e+05
4.674330486658572772e+04 1.097699360090111877e+05 7.942151091507758247e+04 1.256515610548509358e+04 1.485164309886738192e+05 5.242404976827772043e+04 7.054612430880582542e+04 1.286392922564428736e+05 1.028756946123456582e+05 1.426664080743484374e+05 2.865473375567197945e+04 1.084205451439676399e+05 5.015991970016313644e+03 2.042563105562804049e+04 1.132737470598160289e+05 1.162206023214531306e+05 3.990426668634479574e+04 1.167305239853570820e+05 8.370325059270477368e+02 5.500289359622729535e+04 1.101749611311669578e+05 9.325036059531100909e+04 8.437904492935593589e+04 5.096682585834123165e+04 9.334698725835701043e+04 1.781118358680547317e+04 9.392055740585172316e+04 4.583617334394147474e+04 2.638146496282401858e+04 1.449691732362754010e+04 4.482629059033330122e+04 9.577314614064207126e+04 3.003473957309916386e+03 3.642487891615121043e+04 1.168505273202091048e+05
1.896062171693409255e+04 1.319591500962846039e+05 1.120921091591417353e+05 4.754846773963811575e+04 5.242404976827772043e+04 1.291132119207592623e+05 6.957872494485729840e+04 3.748712796520494157e+04 2.288310763781423702e+03 4.328801236504822737e+04 8.873820229947211919e+04 1.147177047112652217e+05 1.071801466652971430e+05 4.080295320142923447e+04 7.830772213326711790e+04 6.079712075941454532e+04 4.943212410556745454e+04 9.938448054716606566e+04 7.294326728419591382e+04 6.091567118357656727e+04 1.231642324638995487e+05 7.896917491431295639e+04 4.951560243463644292e+04 3.541966357547962252e+04 1.010131716646313434e+05 1.076397164211753698e+05 6.234491822593105462e+04 6.985749976099595369e+04 9.664710508769603621e+04 3.859026694357348606e+04 6.423416934690983908e+04 3.557748928580538632e+04 4.696554673276993526e+03 1.143119691548336268e+05 1.160214556605657854e+05
6.781911900075369340e+04 8.787903724841852090e+04 4.949845448327389022e+04 8.884491862160582968e+04 7.054612430880582542e+04 6.957872494485729840e+04 1.210284987376579084e+05 1.013528269970870169e+05 1.059887522422796173e+05 5.618953368924465030e+04 1.302329283390053170e+05 2.449332233293572062e+04 1.179729071271361317e+05 3.339326938264827186e+04 3.424546683611095068e+04 3.652934896569763805e+04 8.673144825327674334e+04 5.612470929505182721e+04 1.081953937843679596e+05 6.213488480783310479e+03 2.272066068008009461e+04 5.613147032080291683e+04 5.636073660862564429e+04 3.879781771025807393e+04 5.931229619546662434e+04 1.099875942639094283e+05 1.142353712875441270e+05 7.208519304406184528e+04 5.133272333204521419e+04 2.885564784509581295e+04 1.400327347018267319e+05 1.312442651948337443e+05 5.127083033848005289e+04 4.041277578434021416e+04 8.917167978956026491e+04
1.888463214391246220e+04 7.394189965661444876e+04 1.386117293045776933e+04 8.736484797510155477e+04 1.286392922564428736e+05 3.748712796520494157e+04 1.013528269970870169e+05 1.669577374210569833e+05 4.689732081618543452e+04 9.457522317078309425e+04 3.681330832465265121e+04 8.412871582556786598e+04 1.173583177418158739e+05 1.199262218244002725e+05 4.848657733528378594e+04 1.237165688200032746e+05 1.665393773815536042e+04 7.050723522522684652e+04 6.582112839425452694e+04 1.093352294078240375e+05 8.719895327557026758e+04 1.048622617189978628e+05 8.820062746167294972e+04 1.329252111246691202e+05 1.292606837642212486e+05 9.364463168498879531e+04 5.655800736192532349e+04 9.023116757882923412e+04 3.507068001428897696e+04 4.726069476922430476e+04 6.791381807835577638e+04 7.529320149192796089e+04 3.325364538735355018e+04 3.391583016011199652e+04 3.330069417456582596e+04
4.575417209320024995e+04 2.799792823099790621e+04 6.128532301470183302e+04 1.883624113539700193e+04 1.028756946123456582e+05 2.288310763781423702e+03 1.059887522422796173e+05 4.689732081618543452e+04 1.253640639421544038e+05 6.556412723919787095e+04 5.328101060096487345e+04 7.375856955165298132e+04 1.155108073917066358e+05 1.353915237339812156e+05 7.754074657936533913e+04 1.353341947818103363e+05 4.566043135490665009e+04 8.685676058490813011e+04 1.115190716799053771e+05 1.107323008789571613e+05 3.272163889451046634e+04 1.141733365581022372e+05 6.519235000002485322e+04 9.480192690871769446e+04 2.181877007977336689e+04 7.725469390406511957e+04 1.264129637462580140e+05 1.173883423762538041e+04 1.497870930398806559e+04 9.463476534720846394e+04 1.395718267649531772e+05 3.714480392845410825e+04 4.690176872559827461e+04 1.331350407907065528e+04 5.330962297140993905e+04
9.507710804315873247e+04 1.052383062469016004e+05 1.184795522571958572e+05 7.301296857473444834e+04 1.426664080743484374e+05 4.328801236504822737e+04 5.618953368924465030e+04 9.457522317078309425e+04 6.556412723919787095e+04 1.493021257354558038e+05 2.710113404903995979e+04 6.198297262867356767e+04 8.040012749830384564e+03 1.170995330812448956e+05 1.291885491467201209e+05 1.595118334149763905e+04 1.421392168135556858e+05 8.987917330627042975e+04 3.615003927299777570e+04 7.744526725808615447e+04 1.182115824853619270e+05 1.123857164434866281e+05 1.093840869118703558e+05 1.196974134460738278e+05 3.921848956027649365e+03 4.781120032843788795e+04 2.317932439946312297e+04 3.776506467137369327e+04 1.098515940797416115e+05 6.776457103800233745e+04 1.096681663988080545e+05 9.970183176373880997e+04 5.586556475499812223e+04 1.232235340016406990e+05 7.589434284763575124e+04
5.168638391964136827e+04 5.771371813396993093e+04 1.074291001955315733e+05 4.480367500231697340e+04 2.865473375567197945e+04 8.873820229947211919e+04 1.302329283390053170e+05 3.681330832465265121e+04 5.328101060096487345e+04 2.710113404903995979e+04 1.455655495268939412e+05 3.876817067041418341e+04 8.048415207343391376e+04 1.135484269091468013e+05 3.255547649117464971e+04 5.909852443002712243e+04 8.250962229549683980e+04 1.252925014643659233e+05 8.977149015656340634e+04 1.244357828276801301e+05 1.390877638143841177e+05 9.251842622728125889e+02 1.009549930897678714e+05 1.318508126075634209e+05 1.044114978458504484e+05 1.162381362594213133e+05 9.300853454827761743e+04 2.855063596447309465e+04 1.816162033568190964e+04 3.285138978722828324e+04 6.035054509709213016e+04 2.315519611373109456e+03 1.009857418173934821e+04 1.184091739498583047e+05 1.007290487099860475e+05
2.481480153691696250e+04 9.083139961223640421e+04 6.085601168114097527e+04 5.058138911943630956e+04 1.084205451439676399e+05 1.147177047112652217e+05 2.449332233293572062e+04 8.412871582556786598e+04 7.375856955165298132e+04 6.198297262867356767e+04 3.876817067041418341e+04 1.308605363327388332e+05 8.860224567646039941e+04 2.307685852494999199e+04 1.380073394363397674e+05 2.697967244861192376e+04 6.114914444883730175e+04 7.074786943758398411e+04 2.177529467565776213e+04 1.038335122740314255e+05 5.634679505679157592e+04 1.392231979230622164e+04 4.696298240567967878e+04 1.072967930469324929e+05 9.845792515051199007e+04 1.182159467558524739e+04 9.404535922456219851e+04 1.201060186454901268e+05 9.454187730167794507e+04 1.178121121954991395e+05 9.326315200715238461e+04 1.034112743379287531e+04 4.486694325648481026e+04 1.121969063393995602e+05 1.048320334252733155e+05
3.862902245245047652e+03 6.742000258761117584e+04 8.799185962369058689e+04 5.399745122432081553e+04 5.015991970016313644e+03 1.071801466652971430e+05 1.179729071271361317e+05 1.173583177418158739e+05 1.155108073917066358e+05 8.040012749830384564e+03 8.048415207343391376e+04 8.860224567646039941e+04 1.419679911622538348e+05 7.447705841794532716e+03 4.715721033242986778e+03 1.453043715525236330e+05 2.734326747179864105e+04 8.713189172475897067e+04 8.479919879214731918e+04 6.445475503880224096e+03 1.205635331435659609e+05 3.238793239120651197e+04 8.641503363330582215e+04 5.120426543823635438e+04 2.183668839679672237e+04 3.367689598381677206e+04 7.000769068302784581e+04 1.426034981698063530e+04 1.107830671667790448e+05 7.084219168902806996e+04 3.812771230463699226e+02 1.456945348376310903e+04 8.544459997800385463e+04 1.172050168146033975e+05 1.134159591106354856e+04
2.378257747248268424e+04 1.214445601860628376e+05 1.327646501520647507e+04 2.809561837357170953e+04 2.042563105562804049e+04 4.080295320142923447e+04 3.339326938264827186e+04 1.199262218244002725e+05 1.353915237339812156e+05 1.170995330812448956e+05 1.135484269091468013e+05 2.307685852494999199e+04 7.447705841794532716e+03 1.494574181951360079e+05 9.014685608851879078e+04 1.100695679075708176e+05 7.749145067533515976e+04 8.520743647770211101e+04 1.187301604987424507e+05 4.512608946690266748e+04 6.119821028991783533e+04 1.894319407785699150e+04 3.486631988256708155e+03 8.448170159258497006e+04 9.218127567373790953e+04 1.070348326418890792e+05 5.866920682450475579e+04 3.676206685036580893e+04 2.621607692136757032e+04 7.148184601782492246e+04 1.054313300975712627e+04 1.139741602434682427e+05 1.292215416560642625e+05 5.834104799541417015e+04 6.119387971859648678e+04
1.174778968475508882e+05 1.443265302104376315e+05 6.137361764161307656e+04 9.795020481245512201e+04 1.132737470598160289e+05 7.830772213326711790e+04 3.424546683611095068e+04 4.848657733528378594e+04 7.754074657936533913e+04 1.291885491467201209e+05 3.255547649117464971e+04 1.380073394363397674e+05 4.715721033242986778e+03 9.014685608851879078e+04 1.552956939728340658e+05 4.085927157949527464e+04 4.349197825985573581e+04 6.533259919107547466e+04 8.793412058649306709e+04 5.220655483434782946e+04 1.363883203353595745e+05 1.403269718151330599e+05 8.085515726246470877e+04 9.577337588985699767e+03 9.021361602002670406e+04 8.681642411977624579e+04 1.367787725171744823e+05 6.016443032284887158e+04 4.248510670811399905e+03 8.999428237169850036e+04 5.339040486879719538e+04 1.404851706097327042e+04 2.606747197272834092e+04 6.300637899216677761e+04 1.262343182332182914e+05
5.003100828911342978e+04 1.423821075832433999e+05 1.140913026250469120e+05 1.225838059441226069e+05 1.162206023214531306e+05 6.079712075941454532e+04 3.652934896569763805e+04 1.237165688200032746e+05 1.353341947818103363e+05 1.595118334149763905e+04 5.909852443002712243e+04 2.697967244861192376e+04 1.453043715525236330e+05 1.100695679075708176e+05 4.085927157949527464e+04 1.539119249597403686e+05 1.209600938919741020e+05 1.111155242887779605e+05 8.303904798637454223e+04 8.542450954126977012e+04 9.452457652388327915e+03 4.713584812210588279e+04 5.692901305834542291e+04 1.170080219410178979e+05 2.888420043793726654e+04 3.017950477012361807e+04 1.998238300780895224e+04 3.239086377751162945e+04 8.929326768092312705e+03 5.722028747682709945e+04 1.253696155194734019e+05 3.164614776988659651e+04 4.522986334147315938e+04 7.440442346335331968e+04 1.060073281510452071e+05
1.145106434576543543e+05 1.043190919047089701e+05 7.644498483021333232e+04 4.193527166301105353e+03 3.990426668634479574e+04 4.943212410556745454e+04 8.673144825327674334e+04 1.665393773815536042e+04 4.566043135490665009e+04 1.421392168135556858e+05 8.250962229549683980e+04 6.114914444883730175e+04 2.734326747179864105e+04 7.749145067533515976e+04 4.349197825985573581e+04 1.209600938919741020e+05 1.373487922634960269e+05 7.907698709049992613e+04 8.425074048505071551e+04 7.087993414879741067e+03 1.023533942558790877e+05 7.934933879071325464e+03 1.256484619190214435e+05 1.013338026375600020e+04 9.315197902828780934e+04 9.032245074058859609e+04 8.237394178759008355e+04 9.906222584744880442e+04 1.327350757647725986e+05 1.128573090220283193e+05 1.449835001296776754e+05 9.363457202608010266e+04 8.924807231380097801e+04 1.284927333653670357e+05 2.623107396857920321e+03
4.395359338068114448e+04 7.766619788523590250e+04 2.175659278170738617e+04 1.226176473606497457e+05 1.167305239853570820e+05 9.938448054716606566e+04 5.612470929505182721e+04 7.050723522522684652e+04 8.685676058490813011e+04 8.987917330627042975e+04 1.252925014643659233e+05 7.074786943758398411e+04 8.713189172475897067e+04 8.520743647770211101e+04 6.533259919107547466e+04 1.111155242887779605e+05 7.907698709049992613e+04 1.280298690921521193e+05 1.253948924972426903e+05 4.877945750942074665e+04 4.853375638850319228e+04 3.746316397115471045e+04 1.583495521509974969e+04 6.648155598051479319e+04 6.568223969423887866e+03 9.938547350161650684e+03 1.047153644745179190e+05 3.563063850365147118e+03 1.038886919817551097e+05 8.694675112334196456e+04 5.487727940474540083e+04 1.007771350498646789e+05 5.984708198575447022e+04 8.728245128651394043e+04 5.663192453186927014e+04
7.485851320186973680e+03 1.184789122033379099e+05 1.034686176931363152e+05 8.768098153690056643e+04 8.370325059270477368e+02 7.294326728419591382e+04 1.081953937843679596e+05 6.582112839425452694e+04 1.115190716799053771e+05 3.615003927299777570e+04 8.977149015656340634e+04 2.177529467565776213e+04 8.479919879214731918e+04 1.187301604987424507e+05 8.793412058649306709e+04 8.303904798637454223e+04 8.425074048505071551e+04 1.253948924972426903e+05 1.353292272596929979e+05 1.304823982353675819e+04 6.789570081465826661e+04 8.451857905011542243e+03 7.747498177756048972e+04 6.507791916930534353e+04 4.914763133082897548e+04 5.453528196350188955e+04 9.195642776750185294e+04 1.680381115406420577e+04 6.483448501908819890e+04 9.638119355613786320e+04 4.700243996809583768e+04 1.195323702495909820e+05 1.130404186747498752e+05 4.689676675032556886e+03 1.004157622593281121e+05
8.196432757981000759e+04 1.048051418180748005e+05 1.218349962958053948e+05 7.006189553577080369e+04 5.500289359622729535e+04 6.091567118357656727e+04 6.213488480783310479e+03 1.093352294078240375e+05 1.107323008789571613e+05 7.744526725808615447e+04 1.244357828276801301e+05 1.038335122740314255e+05 6.445475503880224096e+03 4.512608946690266748e+04 5.220655483434782946e+04 8.542450954126977012e+04 7.087993414879741067e+03 4.877945750942074665e+04 1.304823982353675819e+04 1.202642139630725287e+05 4.735897821336944617e+04 1.989540657839772030e+04 1.718326880461304199e+03 1.276567394938132493e+05 1.193028928440492018e+05 1.076160374437188439e+05 1.146575743410366849e+05 6.407957068707549479e+04 9.506593254023270856e+04 8.352609511915397889e+03 9.258222558467125054e+04 1.763512149063004927e+03 1.172547326125625696e+05 9.053748449758633797e+04 8.216699770230949798e+04
7.962834171940023953e+04 1.286043663240702153e+05 7.943841652935080901e+02 8.249937440692163364e+03 1.101749611311669578e+05 1.231642324638995487e+05 2.272066068008009461e+04 8.719895327557026758e+04 3.272163889451046634e+04 1.182115824853619270e+05 1.390877638143841177e+05 5.634679505679157592e+04 1.205635331435659609e+05 6.119821028991783533e+04 1.363883203353595745e+05 9.452457652388327915e+03 1.023533942558790877e+05 4.853375638850319228e+04 6.789570081465826661e+04 4.735897821336944617e+04 1.527550500402320758e+05 1.057052664472145407e+05 1.146872961029912258e+05 4.000007576216498273e+04 3.814782766003215511e+04 1.310244714348981797e+05 1.095116252882117406e+05 1.402849950729149859e+05 7.622537664802254585e+04 4.106936534430994652e+04 7.064124094533063180e+04 1.252890604390999215e+05 8.802890159487703932e+04 1.216050239255207562e+05 1.592033924978407777e+04
1.116876843232235260e+05 6.499081946939992486e+04 1.233913926350817346e+05 2.439700749229364374e+04 9.325036059531100909e+04 7.896917491431295639e+04 5.613147032080291683e+04 1.048622617189978628e+05 1.141733365581022372e+05 1.123857164434866281e+05 9.251842622728125889e+02 1.392231979230622164e+04 3.238793239120651197e+04 1.894319407785699150e+04 1.403269718151330599e+05 4.713584812210588279e+04 7.934933879071325464e+03 3.746316397115471045e+04 8.451857905011542243e+03 1.989540657839772030e+04 1.057052664472145407e+05 1.329145379908943141e+05 9.819456241023257462e+03 1.057786279953042103e+05 1.083608813293351559e+05 1.199900100922167476e+05 2.165800516618282927e+04 1.021926524351470434e+05 1.151351319815863972e+05 2.881717326536125256e+04 9.651724497021739080e+04 1.459231658936102394e+04 5.366767578487093851e+04 4.118246766857960029e+04 5.613474998376099393e+04
3.774611713427281211e+04 4.213176159453720174e+04 2.729625195548249030e+04 8.543996940290546627e+04 8.437904492935593589e+04 4.951560243463644292e+04 5.636073660862564429e+04 8.820062746167294972e+04 6.519235000002485322e+04 1.093840869118703558e+05 1.009549930897678714e+05 4.696298240567967878e+04 8.641503363330582215e+04 3.486631988256708155e+03 8.085515726246470877e+04 5.692901305834542291e+04 1.256484619190214435e+05 1.583495521509974969e+04 7.747498177756048972e+04 1.718326880461304199e+03 1.146872961029912258e+05 9.819456241023257462e+03 1.217998240533217759e+05 7.708249651816408914e+03 2.194294607835042916e+04 8.582851591265521711e+04 7.034113890445294965e+04 1.515975199282996800e+04 7.281206842938827322e+03 1.326286755888356420e+05 1.003561453495067108e+05 2.737710181040739917e+04 2.400920090706835254e+04 9.931089165098371450e+04 2.888531408433436809e+04
1.243745855343843868e+05 1.198642456024019339e+05 1.681170869796534816e+03 1.345982400048350974e+05 5.096682585834123165e+04 3.541966357547962252e+04 3.879781771025807393e+04 1.329252111246691202e+05 9.480192690871769446e+04 1.196974134460738278e+05 1.318508126075634209e+05 1.072967930469324929e+05 5.120426543823635438e+04 8.448170159258497006e+04 9.577337588985699767e+03 1.170080219410178979e+05 1.013338026375600020e+04 6.648155598051479319e+04 6.507791916930534353e+04 1.276567394938132493e+05 4.000007576216498273e+04 1.057786279953042103e+05 7.708249651816408914e+03 1.393451152703123225e+05 1.032617729825722927e+05 8.870552411591089913e+04 4.051117678467535734e+04 4.103005345830867736e+04 9.342804491171972768e+04 1.288164220559723763e+05 1.308557505300204357e+05 5.712290308820785867e+04 6.066227037541253230e+04 3.887569433694994950e+04 7.747620664978350396e+04
7.923117253562982660e+04 5.574871400627561525e+04 2.203094061990804403e+04 8.474300223243682922e+03 9.334698725835701043e+04 1.010131716646313434e+05 5.931229619546662434e+04 1.292606837642212486e+05 2.181877007977336689e+04 3.921848956027649365e+03 1.044114978458504484e+05 9.845792515051199007e+04 2.183668839679672237e+04 9.218127567373790953e+04 9.021361602002670406e+04 2.888420043793726654e+04 9.315197902828780934e+04 6.568223969423887866e+03 4.914763133082897548e+04 1.193028928440492018e+05 3.814782766003215511e+04 1.083608813293351559e+05 2.194294607835042916e+04 1.032617729825722927e+05 1.241709320690241439e+05 2.581275771869683740e+04 1.007705720246539422e+05 1.021859105378959357e+05 6.639488267658812401e+04 3.199372580811041917e+04 1.223675998737659538e+05 8.080325484989145480e+04 1.252896529811513392e+04 3.286682666539154889e+04 3.516709334894105723e+03
2.665645736695892992e+04 1.247274244753208040e+05 7.064740220783853147e+04 2.442404555621999680e+04 1.781118358680547317e+04 1.076397164211753698e+05 1.099875942639094283e+05 9.364463168498879531e+04 7.725469390406511957e+04 4.781120032843788795e+04 1.162381362594213133e+05 1.182159467558524739e+04 3.367689598381677206e+04 1.070348326418890792e+05 8.681642411977624579e+04 3.017950477012361807e+04 9.032245074058859609e+04 9.938547350161650684e+03 5.453528196350188955e+04 1.076160374437188439e+05 1.310244714348981797e+05 1.199900100922167476e+05 8.582851591265521711e+04 8.870552411591089913e+04 2.581275771869683740e+04 1.514001921510677785e+05 6.961944096632882429e+04 1.386652801446013618e+05 1.125561697390907357e+05 1.398397826517848880e+05 1.000824804304522258e+05 3.330643373280465312e+04 1.045343265956367104e+05 9.424424109114719613e+04 6.996565012593485881e+04
2.098210856794158099e+04 7.603993369064888975e+04 5.588133559547986079e+04 4.569269219651047752e+04 9.392055740585172316e+04 6.234491822593105462e+04 1.142353712875441270e+05 5.655800736192532349e+04 1.264129637462580140e+05 2.317932439946312297e+04 9.300853454827761743e+04 9.404535922456219851e+04 7.000769068302784581e+04 5.866920682450475579e+04 1.367787725171744823e+05 1.998238300780895224e+04 8.237394178759008355e+04 1.047153644745179190e+05 9.195642776750185294e+04 1.146575743410366849e+05 1.095116252882117406e+05 2.165800516618282927e+04 7.034113890445294965e+04 4.051117678467535734e+04 1.007705720246539422e+05 6.961944096632882429e+04 1.314366542767958308e+05 1.091719170207847492e+05 6.184392592619484276e+03 7.863380509962417818e+03 7.765780683538859012e+04 4.001921613179790256e+03 5.958667767763073061e+04 6.578889631623291643e+04 9.330300290653435513e+04
1.049684160799256788e+05 1.359922005806797533e+05 8.354457562578322541e+04 6.809868301708748913e+04 4.583617334394147474e+04 6.985749976099595369e+04 7.208519304406184528e+04 9.023116757882923412e+04 1.173883423762538041e+04 3.776506467137369327e+04 2.855063596447309465e+04 1.201060186454901268e+05 1.426034981698063530e+04 3.676206685036580893e+04 6.016443032284887158e+04 3.239086377751162945e+04 9.906222584744880442e+04 3.563063850365147118e+03 1.680381115406420577e+04 6.407957068707549479e+04 1.402849950729149859e+05 1.021926524351470434e+05 1.515975199282996800e+04 4.103005345830867736e+04 1.021859105378959357e+05 1.386652801446013618e+05 1.091719170207847492e+05 1.369841883546441677e+05 1.113838857581683696e+05 9.236627021838339715e+03 8.558157964192118379e+04 5.111981044846106670e+04 4.218617632590010180e+04 6.378127373805436946e+04 2.395358404933674683e+04
1.037720018531198002e+05 2.861670128805961212e+04 5.635011166088498430e+04 8.730597804725417518e+04 2.638146496282401858e+04 9.664710508769603621e+04 5.133272333204521419e+04 3.507068001428897696e+04 1.497870930398806559e+04 1.098515940797416115e+05 1.816162033568190964e+04 9.454187730167794507e+04 1.107830671667790448e+05 2.621607692136757032e+04 4.248510670811399905e+03 8.929326768092312705e+03 1.327350757647725986e+05 1.038886919817551097e+05 6.483448501908819890e+04 9.506593254023270856e+04 7.622537664802254585e+04 1.151351319815863972e+05 7.281206842938827322e+03 9.342804491171972768e+04 6.639488267658812401e+04 1.125561697390907357e+05 6.184392592619484276e+03 1.113838857581683696e+05 1.409873615225095418e+05 9.724461883301685157e+04 5.949737740670629864e+04 9.753203266920050373e+04 1.334149221808667935e+05 4.438385188002185896e+04 1.013506922008791589e+05
2.366402778330608635e+04 4.407730618966215116e+04 6.213553973280714126e+04 5.837334141181961058e+03 1.449691732362754010e+04 3.859026694357348606e+04 2.885564784509581295e+04 4.726069476922430476e+04 9.463476534720846394e+04 6.776457103800233745e+04 3.285138978722828324e+04 1.178121121954991395e+05 7.084219168902806996e+04 7.148184601782492246e+04 8.999428237169850036e+04 5.722028747682709945e+04 1.128573090220283193e+05 8.694675112334196456e+04 9.638119355613786320e+04 8.352609511915397889e+03 4.106936534430994652e+04 2.881717326536125256e+04 1.326286755888356420e+05 1.288164220559723763e+05 3.199372580811041917e+04 1.398397826517848880e+05 7.863380509962417818e+03 9.236627021838339715e+03 9.724461883301685157e+04 1.634962293055101181e+05 9.408299284280661959e+04 9.963521629971462971e+03 1.085159917988633388e+05 2.386208384880193262e+04 5.252969842642907315e+04
1.932056000369822505e+04 7.700748714491921419e+04 3.705084923739488204e+03 8.482176678214046115e+04 4.482629059033330122e+04 6.423416934690983908e+04 1.400327347018267319e+05 6.791381807835577638e+04 1.395718267649531772e+05 1.096681663988080545e+05 6.035054509709213016e+04 9.326315200715238461e+04 3.812771230463699226e+02 1.054313300975712627e+04 5.339040486879719538e+04 1.253696155194734019e+05 1.449835001296776754e+05 5.487727940474540083e+04 4.700243996809583768e+04 9.258222558467125054e+04 7.064124094533063180e+04 9.651724497021739080e+04 1.003561453495067108e+05 1.308557505300204357e+05 1.223675998737659538e+05 1.000824804304522258e+05 7.765780683538859012e+04 8.558157964192118379e+04 5.949737740670629864e+04 9.408299284280661959e+04 1.656134539792525466e+05 1.405926240732113074e+05 3.174800392362642378e+04 4.643836261459362140e+04 3.125504883061717192e+04
5.652936506157635449e+03 1.200640671008487989e+05 1.239033249823020597e+05 1.037387250643161387e+05 9.577314614064207126e+04 3.557748928580538632e+04 1.312442651948337443e+05 7.529320149192796089e+04 3.714480392845410825e+04 9.970183176373880997e+04 2.315519611373109456e+03 1.034112743379287531e+04 1.456945348376310903e+04 1.139741602434682427e+05 1.404851706097327042e+04 3.164614776988659651e+04 9.363457202608010266e+04 1.007771350498646789e+05 1.195323702495909820e+05 1.763512149063004927e+03 1.252890604390999215e+05 1.459231658936102394e+04 2.737710181040739917e+04 5.712290308820785867e+04 8.080325484989145480e+04 3.330643373280465312e+04 4.001921613179790256e+03 5.111981044846106670e+04 9.753203266920050373e+04 9.963521629971462971e+03 1.405926240732113074e+05 1.447698930480004929e+05 7.144242140343556821e+04 6.442690261207950971e+04 2.465209974083575071e+04
5.855074967237335659e+04 2.129519162053640321e+04 1.094809766595042456e+05 8.494281539573341433e+04 3.003473957309916386e+03 4.696554673276993526e+03 5.127083033848005289e+04 3.325364538735355018e+04 4.690176872559827461e+04 5.586556475499812223e+04 1.009857418173934821e+04 4.486694325648481026e+04 8.544459997800385463e+04 1.292215416560642625e+05 2.606747197272834092e+04 4.522986334147315938e+04 8.924807231380097801e+04 5.984708198575447022e+04 1.130404186747498752e+05 1.172547326125625696e+05 8.802890159487703932e+04 5.366767578487093851e+04 2.400920090706835254e+04 6.066227037541253230e+04 1.252896529811513392e+04 1.045343265956367104e+05 5.958667767763073061e+04 4.218617632590010180e+04 1.334149221808667935e+05 1.085159917988633388e+05 3.174800392362642378e+04 7.144242140343556821e+04 1.398065098261207459e+05 8.010488637076161922e+02 1.274249210071486159e+05
3.985179936747680040e+04 3.582453695797167893e+04 4.105613962172080210e+04 6.320677275303297210e+04 3.642487891615121043e+04 1.143119691548336268e+05 4.041277578434021416e+04 3.391583016011199652e+04 1.331350407907065528e+04 1.232235340016406990e+05 1.184091739498583047e+05 1.121969063393995602e+05 1.172050168146033975e+05 5.834104799541417015e+04 6.300637899216677761e+04 7.440442346335331968e+04 1.284927333653670357e+05 8.728245128651394043e+04 4.689676675032556886e+03 9.053748449758633797e+04 1.216050239255207562e+05 4.118246766857960029e+04 9.931089165098371450e+04 3.887569433694994950e+04 3.286682666539154889e+04 9.424424109114719613e+04 6.578889631623291643e+04 6.378127373805436946e+04 4.438385188002185896e+04 2.386208384880193262e+04 4.643836261459362140e+04 6.442690261207950971e+04 8.010488637076161922e+02 1.246933668644696299e+05 1.111670476232538640e+05
7.398530474962799053e+04 8.980724815465421125e+04 8.495417561649964773e+04 1.144674789215508208e+05 1.168505273202091048e+05 1.160214556605657854e+05 8.917167978956026491e+04 3.330069417456582596e+04 5.330962297140993905e+04 7.589434284763575124e+04 1.007290487099860475e+05 1.048320334252733155e+05 1.134159591106354856e+04 6.119387971859648678e+04 1.262343182332182914e+05 1.060073281510452071e+05 2.623107396857920321e+03 5.663192453186927014e+04 1.004157622593281121e+05 8.216699770230949798e+04 1.592033924978407777e+04 5.613474998376099393e+04 2.888531408433436809e+04 7.747620664978350396e+04 3.516709334894105723e+03 6.996565012593485881e+04 9.330300290653435513e+04 2.395358404933674683e+04 1.013506922008791589e+05 5.252969842642907315e+04 3.125504883061717192e+04 2.465209974083575071e+04 1.274249210071486159e+05 1.111670476232538640e+05 1.311464223109674058e+05
