0.000000000000000000e+00 6.041961155587212033e+02 4.461591314784176348e+02 7.680650446897880101e+02 1.360588007630014715e+02 7.928807647698064329e+02 3.812111993874628411e+02 5.492949621365545454e+02 4.887227892367915842e+02 6.374644617423119826e+02 6.432922654888175202e+02 7.970476185098924589e+02 5.735616369203548857e+02 3.663140458294840300e+02 4.224523329791064157e+02 4.924895573834359652e+02 1.034456302343874938e+02 3.593466027749088312e+02 5.992703454298676888e+02 2.015861949391833718e+02 6.032528045901506175e+02 1.478005303388840730e+02 5.268063771554049026e+02 2.634330839965025461e+02 6.704453248013658140e+02 7.829335281118806051e+02 2.122851698658957389e+02 5.575705821545321896e+02 5.727861307201466161e+02 7.250027050552425862e+02 6.711221449555806657e+02 7.486714347537666754e+02
6.041961155587212033e+02 0.000000000000000000e+00 2.357901434881010232e+02 3.422352738520391995e+02 4.682360169829140659e+02 2.506970097806860451e+02 2.786485035093667761e+02 9.806119811213004311e+01 3.694116670888408294e+02 2.305861923992799518e+02 6.562011400848933818e+01 3.009351867268136402e+02 1.838531887149012789e+02 2.381029013308777849e+02 3.685715397036062200e+02 1.933519963114067934e+02 6.790728472204269792e+02 3.934678857016462530e+02 9.374432622535260862e+01 4.207730669210530436e+02 1.192685955850980406e+02 5.718355984388809929e+02 1.901630738112584993e+02 4.953866809689122306e+02 1.290038663570530844e+02 1.939999856749201115e+02 4.314904083125458101e+02 3.302180852726425542e+02 2.388911709214099801e+02 1.283900212830603209e+02 6.865857050584619969e+01 3.775102368177587664e+02
4.461591314784176348e+02 2.357901434881010232e+02 0.000000000000000000e+00 3.278322499780734915e+02 3.190140827150971745e+02 3.517413562830805063e+02 6.511527757509654180e+01 1.420035105729006943e+02 1.542595101610971824e+02 1.920234218890538784e+02 2.991738403414465211e+02 3.508973949940427133e+02 3.463018657648713656e+02 1.654690180960173791e+02 1.349370123537499069e+02 2.936800763167597097e+02 4.968228693751289029e+02 1.592607806285331264e+02 2.957583253947533990e+02 3.179071956885132977e+02 1.732166145714636514e+02 3.713555972674548684e+02 8.190847946836457538e+01 2.719503430076292716e+02 3.567253581547829526e+02 3.628291340781109398e+02 2.397018804936244862e+02 1.605521603295366617e+02 1.310343369645513292e+02 3.189121900372905998e+02 2.828373881946495203e+02 3.209750532028269845e+02
7.680650446897880101e+02 3.422352738520391995e+02 3.278322499780734915e+02 0.000000000000000000e+00 6.456407193127760138e+02 1.621110610217520502e+02 3.902332347553410159e+02 2.940016789418630196e+02 3.081720071128314089e+02 1.407302280032918702e+02 3.882949622170600605e+02 9.095602659714752747e+01 5.258982402348591449e+02 4.706697008189964890e+02 3.640466734117139254e+02 5.208396681194861912e+02 8.054097740814685267e+02 4.259788412540539753e+02 4.353262821800344682e+02 6.435347223174883311e+02 2.350531680905029646e+02 6.715749648265782525e+02 2.561893641510437760e+02 5.498335705816396057e+02 4.478001455044130807e+02 2.589845363375045508e+02 5.563964003086190360e+02 2.261083643873657252e+02 1.970177511469842955e+02 2.844169263925376754e+02 3.150634623429963881e+02 6.356885559355158222e+01
1.360588007630014715e+02 4.682360169829140659e+02 3.190140827150971745e+02 6.456407193127760138e+02 0.000000000000000000e+00 6.602695931272733105e+02 2.554407766279021246e+02 4.142812747974368222e+02 3.865669126035163572e+02 5.109999622661272838e+02 5.084338322619473729e+02 6.683209812914134318e+02 4.477554805219758123e+02 2.305861924363263427e+02 3.207896270052671639e+02 3.660737359785565559e+02 2.184971234095940247e+02 2.630931199586963203e+02 4.663442589372853035e+02 9.124143119635078847e+01 4.695550739095340305e+02 1.600156123858862145e+02 3.976090751632427214e+02 2.083962417409634327e+02 5.380417801563809235e+02 6.473522519393917491e+02 1.106028850968329635e+02 4.461624934876324460e+02 4.487537969292180833e+02 5.890305159630032676e+02 5.350709837917054301e+02 6.319532743902856282e+02
7.928807647698064329e+02 2.506970097806860451e+02 3.517413562830805063e+02 1.621110610217520502e+02 6.602695931272733105e+02 0.000000000000000000e+00 4.161561899250308443e+02 2.520019655087737647e+02 3.992317327377079437e+02 1.810441801120291814e+02 2.744612702422520556e+02 7.592759146583568963e+01 4.259072354236138835e+02 4.490099890018753968e+02 4.380433444648369914e+02 4.440022194469896704e+02 8.484438070062706174e+02 4.908461718163099476e+02 3.325432056937843299e+02 6.355320136304436573e+02 1.917550379232128535e+02 7.223911149032038566e+02 2.698981089906302486e+02 6.143687363539218040e+02 3.232104338485664812e+02 1.023181237591281132e+02 5.910439479342288678e+02 3.219083482410279089e+02 2.469169718467840084e+02 1.477869979713621831e+02 1.983053054913896744e+02 2.236358481757442007e+02
3.812111993874628411e+02 2.786485035093667761e+02 6.511527757509654180e+01 3.902332347553410159e+02 2.554407766279021246e+02 4.161561899250308443e+02 0.000000000000000000e+00 1.932588794236167189e+02 1.704229905295270839e+02 2.564390576472508201e+02 3.380310386422668216e+02 4.159242412364840789e+02 3.586153663015812754e+02 1.389244296090253101e+02 1.252836688275598220e+02 2.945504831901793068e+02 4.322973194345542538e+02 1.212765345035066531e+02 3.236309387069252352e+02 2.619637185965701747e+02 2.336920878595873603e+02 3.086502647349677204e+02 1.467412580667973998e+02 2.174143348663589279e+02 3.902165776248808129e+02 4.225221575375310863e+02 1.749085346130030985e+02 2.035706115179223161e+02 1.933132030672661301e+02 3.746691597137842109e+02 3.331380848580340626e+02 3.790843953140466738e+02
5.492949621365545454e+02 9.806119811213004311e+01 1.420035105729006943e+02 2.940016789418630196e+02 4.142812747974368222e+02 2.520019655087737647e+02 1.932588794236167189e+02 0.000000000000000000e+00 2.714276866587624681e+02 1.612265367556762783e+02 1.635909411792118817e+02 2.787292387294479568e+02 2.518134043524797789e+02 1.970101374749367835e+02 2.719356340183350085e+02 2.298194773910236393e+02 6.144948691392511364e+02 3.012390853941764703e+02 1.769180470249226289e+02 3.838150312909959894e+02 6.306345544339520615e+01 4.981284606596852882e+02 9.300536929737032210e+01 4.101316558317951717e+02 2.258007804386459441e+02 2.345463533529861593e+02 3.594773718882112803e+02 2.361778815526446067e+02 1.496027963809167147e+02 1.820439372781461032e+02 1.410319008486618770e+02 3.153822843555732902e+02
4.887227892367915842e+02 3.694116670888408294e+02 1.542595101610971824e+02 3.081720071128314089e+02 3.865669126035163572e+02 3.992317327377079437e+02 1.704229905295270839e+02 2.714276866587624681e+02 0.000000000000000000e+00 2.185062766540715984e+02 4.349999677787183145e+02 3.679252369554649817e+02 4.993805793721739406e+02 3.073629548496592179e+02 6.648307564330858099e+01 4.478258258463105790e+02 5.090038916680045986e+02 1.295530683577249818e+02 4.421368238861998066e+02 4.179102465592872591e+02 2.726169271951944211e+02 3.730482267024319754e+02 1.799694285210083535e+02 2.461726854225096304e+02 4.968832492874424247e+02 4.455838536283702638e+02 2.805084461735676200e+02 8.234682142122653659e+01 1.574102802631415443e+02 4.199487753128142344e+02 4.006756496498296656e+02 2.720900385247861664e+02
6.374644617423119826e+02 2.305861923992799518e+02 1.920234218890538784e+02 1.407302280032918702e+02 5.109999622661272838e+02 1.810441801120291814e+02 2.564390576472508201e+02 1.612265367556762783e+02 2.185062766540715984e+02 0.000000000000000000e+00 2.884995453583539984e+02 1.615549322813391484e+02 4.077351780163417061e+02 3.299530025845593286e+02 2.581181709048161679e+02 3.910460041739133317e+02 6.828249637542420487e+02 3.136000406040105872e+02 3.233357148838816215e+02 5.040991593594947631e+02 1.118257490396733260e+02 5.523784526244348854e+02 1.161033936146695709e+02 4.383263300402738309e+02 3.527548462713146478e+02 2.339273218269915446e+02 4.282732456129587604e+02 1.439513700254010189e+02 6.815423181092067750e+01 2.237543129916000169e+02 2.274906422967289075e+02 1.542076408040956323e+02
6.432922654888175202e+02 6.562011400848933818e+01 2.991738403414465211e+02 3.882949622170600605e+02 5.084338322619473729e+02 2.744612702422520556e+02 3.380310386422668216e+02 1.635909411792118817e+02 4.349999677787183145e+02 2.884995453583539984e+02 0.000000000000000000e+00 3.351954405723997183e+02 1.529705741054082466e+02 2.786485035319810777e+02 4.329168190797696525e+02 1.900236687039912624e+02 7.234099271004353113e+02 4.552811980629272739e+02 6.236985991090388382e+01 4.520397878587579612e+02 1.798693837417626469e+02 6.222940966468387387e+02 2.557654986673888118e+02 5.528995883106507563e+02 6.477653416417591359e+01 1.960867010275978828e+02 4.822550835379916521e+02 3.950113629770954162e+02 3.027292295484355691e+02 1.310953754341054491e+02 7.657675321533628221e+01 4.293483116371402843e+02
7.970476185098924589e+02 3.009351867268136402e+02 3.508973949940427133e+02 9.095602659714752747e+01 6.683209812914134318e+02 7.592759146583568963e+01 4.159242412364840789e+02 2.787292387294479568e+02 3.679252369554649817e+02 1.615549322813391484e+02 3.351954405723997183e+02 0.000000000000000000e+00 4.825805275426358776e+02 4.713777330131592294e+02 4.155778801592884975e+02 4.909877436063896994e+02 8.443043850993969954e+02 4.735239876386235665e+02 3.893712593129783954e+02 6.537644353103950152e+02 2.156687115197014748e+02 7.138808897239088083e+02 2.707397074200142697e+02 5.985064302654132007e+02 3.889781197089524767e+02 1.777244927443801146e+02 5.891705599625231571e+02 2.865135038047873195e+02 2.293141779997915819e+02 2.160601608127163047e+02 2.588049267134172737e+02 1.544020610886646807e+02
5.735616369203548857e+02 1.838531887149012789e+02 3.463018657648713656e+02 5.258982402348591449e+02 4.477554805219758123e+02 4.259072354236138835e+02 3.586153663015812754e+02 2.518134043524797789e+02 4.993805793721739406e+02 4.077351780163417061e+02 1.529705741054082466e+02 4.825805275426358776e+02 0.000000000000000000e+00 2.453262951395599316e+02 4.770041575182328302e+02 8.168842642973775980e+01 6.657761894390650923e+02 4.790291911825287912e+02 9.347726305616504305e+01 3.722633201174995179e+02 2.965619445981567424e+02 5.875797383296571752e+02 3.377335978336988660e+02 5.490008700891149829e+02 1.280156145935949894e+02 3.485541307321348654e+02 4.557213723873008462e+02 4.820808703686539047e+02 4.008802516992856795e+02 2.840598318592450937e+02 2.277542366972471370e+02 5.588022492680933055e+02
3.663140458294840300e+02 2.381029013308777849e+02 1.654690180960173791e+02 4.706697008189964890e+02 2.305861924363263427e+02 4.490099890018753968e+02 1.389244296090253101e+02 1.970101374749367835e+02 3.073629548496592179e+02 3.299530025845593286e+02 2.786485035319810777e+02 4.713777330131592294e+02 2.453262951395599316e+02 0.000000000000000000e+00 2.638256805003117051e+02 1.698587522808885240e+02 4.448021703496522150e+02 2.473701496431130522e+02 2.412488163490307613e+02 1.874166343016648284e+02 2.583795466753661572e+02 3.492062169501964490e+02 2.160948705987983658e+02 3.039424062483078046e+02 3.133448347670898215e+02 4.225221575608479156e+02 2.125299821537999776e+02 3.259831042853788290e+02 2.834254542671615127e+02 3.615093092743325087e+02 3.056550117319864626e+02 4.754418645757842228e+02
4.224523329791064157e+02 3.685715397036062200e+02 1.349370123537499069e+02 3.640466734117139254e+02 3.207896270052671639e+02 4.380433444648369914e+02 1.252836688275598220e+02 2.719356340183350085e+02 6.648307564330858099e+01 2.581181709048161679e+02 4.329168190797696525e+02 4.155778801592884975e+02 4.770041575182328302e+02 2.638256805003117051e+02 0.000000000000000000e+00 4.175068552458497493e+02 4.454491785744840513e+02 6.403123764607096291e+01 4.305821321577496406e+02 3.560912541050883533e+02 2.880624719028061236e+02 3.099306145133993482e+02 1.894333515745491923e+02 1.858090280346062571e+02 4.914274760609125110e+02 4.719713625263143513e+02 2.140864153287839429e+02 1.399178226985359572e+02 1.911282150777930724e+02 4.379052084848245840e+02 4.098255423151521200e+02 3.332641348772310721e+02
4.924895573834359652e+02 1.933519963114067934e+02 2.936800763167597097e+02 5.208396681194861912e+02 3.660737359785565559e+02 4.440022194469896704e+02 2.945504831901793068e+02 2.298194773910236393e+02 4.478258258463105790e+02 3.910460041739133317e+02 1.900236687039912624e+02 4.909877436063896994e+02 8.168842642973775980e+01 1.698587522808885240e+02 4.175068552458497493e+02 0.000000000000000000e+00 5.841549019896710888e+02 4.121213108273612988e+02 1.293870067974370386e+02 2.915561479887853125e+02 2.858041076024297240e+02 5.068224166080281634e+02 3.027358360587620041e+02 4.733550113925478513e+02 1.900552410852197056e+02 3.811154399237715893e+02 3.767187000747453567e+02 4.423267695153907653e+02 3.708719181114831258e+02 3.143962235784848076e+02 2.536000601378168540e+02 5.451797465373451814e+02
1.034456302343874938e+02 6.790728472204269792e+02 4.968228693751289029e+02 8.054097740814685267e+02 2.184971234095940247e+02 8.484438070062706174e+02 4.322973194345542538e+02 6.144948691392511364e+02 5.090038916680045986e+02 6.828249637542420487e+02 7.234099271004353113e+02 8.443043850993969954e+02 6.657761894390650923e+02 4.448021703496522150e+02 4.454491785744840513e+02 5.841549019896710888e+02 0.000000000000000000e+00 3.816346138492884279e+02 6.837659913016111659e+02 2.976339814099893033e+02 6.635397011062286765e+02 1.360588007648770201e+02 5.787313284408753589e+02 2.649150611701641651e+02 7.556890336300713216e+02 8.489475210502123446e+02 2.575033790134037872e+02 5.851084937306198981e+02 6.156662602484155968e+02 7.945916603418626210e+02 7.439636538110172523e+02 7.785434544547975975e+02
3.593466027749088312e+02 3.934678857016462530e+02 1.592607806285331264e+02 4.259788412540539753e+02 2.630931199586963203e+02 4.908461718163099476e+02 1.212765345035066531e+02 3.012390853941764703e+02 1.295530683577249818e+02 3.136000406040105872e+02 4.552811980629272739e+02 4.735239876386235665e+02 4.790291911825287912e+02 2.473701496431130522e+02 6.403123764607096291e+01 4.121213108273612988e+02 3.816346138492884279e+02 0.000000000000000000e+00 4.443027917557008664e+02 3.076897560780351455e+02 3.280975222037281469e+02 2.463757111290980504e+02 2.300543243943057803e+02 1.249999907627497322e+02 5.097342067411883590e+02 5.162954198680334912e+02 1.538733131532405309e+02 2.034821709267025653e+02 2.455402025939894202e+02 4.765259346595879606e+02 4.420915867503228469e+02 3.969193579693942411e+02
5.992703454298676888e+02 9.374432622535260862e+01 2.957583253947533990e+02 4.353262821800344682e+02 4.663442589372853035e+02 3.325432056937843299e+02 3.236309387069252352e+02 1.769180470249226289e+02 4.421368238861998066e+02 3.233357148838816215e+02 6.236985991090388382e+01 3.893712593129783954e+02 9.347726305616504305e+01 2.412488163490307613e+02 4.305821321577496406e+02 1.293870067974370386e+02 6.837659913016111659e+02 4.443027917557008664e+02 0.000000000000000000e+00 4.034872686209889139e+02 2.115395787410598132e+02 5.900508016166583047e+02 2.687935812014634962e+02 5.316878390045231981e+02 7.212488634689967171e+01 2.580697389489907323e+02 4.516856980354349389e+02 4.129890733777046421e+02 3.254980557629015721e+02 1.924162013164349219e+02 1.346476784819982981e+02 4.712472462797639992e+02
2.015861949391833718e+02 4.207730669210530436e+02 3.179071956885132977e+02 6.435347223174883311e+02 9.124143119635078847e+01 6.355320136304436573e+02 2.619637185965701747e+02 3.838150312909959894e+02 4.179102465592872591e+02 5.040991593594947631e+02 4.520397878587579612e+02 6.537644353103950152e+02 3.722633201174995179e+02 1.874166343016648284e+02 3.560912541050883533e+02 2.915561479887853125e+02 2.976339814099893033e+02 3.076897560780351455e+02 4.034872686209889139e+02 0.000000000000000000e+00 4.440911740565620107e+02 2.511772096636737217e+02 3.880051259513402897e+02 2.833972267073015701e+02 4.733962049648926609e+02 6.091386912654289745e+02 1.731415477631045405e+02 4.646568283079810158e+02 4.482688594102274351e+02 5.469204291443712691e+02 4.892810691600794257e+02 6.388113490796589531e+02
6.032528045901506175e+02 1.192685955850980406e+02 1.732166145714636514e+02 2.350531680905029646e+02 4.695550739095340305e+02 1.917550379232128535e+02 2.336920878595873603e+02 6.306345544339520615e+01 2.726169271951944211e+02 1.118257490396733260e+02 1.798693837417626469e+02 2.156687115197014748e+02 2.965619445981567424e+02 2.583795466753661572e+02 2.880624719028061236e+02 2.858041076024297240e+02 6.635397011062286765e+02 3.280975222037281469e+02 2.115395787410598132e+02 4.440911740565620107e+02 0.000000000000000000e+00 5.423033805303768986e+02 9.885847739918045818e+01 4.449460312470691861e+02 2.446323591326735709e+02 1.896127492666863645e+02 4.064443081026844311e+02 2.199204238658558381e+02 1.254830572911555180e+02 1.498432403435035098e+02 1.296340908508589962e+02 2.625280743086192388e+02
1.478005303388840730e+02 5.718355984388809929e+02 3.713555972674548684e+02 6.715749648265782525e+02 1.600156123858862145e+02 7.223911149032038566e+02 3.086502647349677204e+02 4.981284606596852882e+02 3.730482267024319754e+02 5.523784526244348854e+02 6.222940966468387387e+02 7.138808897239088083e+02 5.875797383296571752e+02 3.492062169501964490e+02 3.099306145133993482e+02 5.068224166080281634e+02 1.360588007648770201e+02 2.463757111290980504e+02 5.900508016166583047e+02 2.511772096636737217e+02 5.423033805303768986e+02 0.000000000000000000e+00 4.527537627789933481e+02 1.292594195118307141e+02 6.619863557240888667e+02 7.306161243093309849e+02 1.403566780981847444e+02 4.497821362846808597e+02 4.846080532823659723e+02 6.800705343018178155e+02 6.334302966193254179e+02 6.431873279987142951e+02
5.268063771554049026e+02 1.901630738112584993e+02 8.190847946836457538e+01 2.561893641510437760e+02 3.976090751632427214e+02 2.698981089906302486e+02 1.467412580667973998e+02 9.300536929737032210e+01 1.799694285210083535e+02 1.161033936146695709e+02 2.557654986673888118e+02 2.707397074200142697e+02 3.377335978336988660e+02 2.160948705987983658e+02 1.894333515745491923e+02 3.027358360587620041e+02 5.787313284408753589e+02 2.300543243943057803e+02 2.687935812014634962e+02 3.880051259513402897e+02 9.885847739918045818e+01 4.527537627789933481e+02 0.000000000000000000e+00 3.492420105971596058e+02 3.186282865006745624e+02 2.862620964791615279e+02 3.215617899014512204e+02 1.448102099066929611e+02 7.003570000042196853e+01 2.486000620534187817e+02 2.221710887817967262e+02 2.597306104960864559e+02
2.634330839965025461e+02 4.953866809689122306e+02 2.719503430076292716e+02 5.498335705816396057e+02 2.083962417409634327e+02 6.143687363539218040e+02 2.174143348663589279e+02 4.101316558317951717e+02 2.461726854225096304e+02 4.383263300402738309e+02 5.528995883106507563e+02 5.985064302654132007e+02 5.490008700891149829e+02 3.039424062483078046e+02 1.858090280346062571e+02 4.733550113925478513e+02 2.649150611701641651e+02 1.249999907627497322e+02 5.316878390045231981e+02 2.833972267073015701e+02 4.449460312470691861e+02 1.292594195118307141e+02 3.492420105971596058e+02 0.000000000000000000e+00 6.012802561847080369e+02 6.344666582841642821e+02 1.121784209880944729e+02 3.252137518261160380e+02 3.701958667329304262e+02 5.903388420653834601e+02 5.504851997713444689e+02 5.178899114498204881e+02
6.704453248013658140e+02 1.290038663570530844e+02 3.567253581547829526e+02 4.478001455044130807e+02 5.380417801563809235e+02 3.232104338485664812e+02 3.902165776248808129e+02 2.258007804386459441e+02 4.968832492874424247e+02 3.527548462713146478e+02 6.477653416417591359e+01 3.889781197089524767e+02 1.280156145935949894e+02 3.133448347670898215e+02 4.914274760609125110e+02 1.900552410852197056e+02 7.556890336300713216e+02 5.097342067411883590e+02 7.212488634689967171e+01 4.733962049648926609e+02 2.446323591326735709e+02 6.619863557240888667e+02 3.186282865006745624e+02 6.012802561847080369e+02 0.000000000000000000e+00 2.338075959402200681e+02 5.233449717663226011e+02 4.591840249388679354e+02 3.673104681491713563e+02 1.755049727050266881e+02 1.327403382243543604e+02 4.912758535287142081e+02
7.829335281118806051e+02 1.939999856749201115e+02 3.628291340781109398e+02 2.589845363375045508e+02 6.473522519393917491e+02 1.023181237591281132e+02 4.225221575375310863e+02 2.345463533529861593e+02 4.455838536283702638e+02 2.339273218269915446e+02 1.960867010275978828e+02 1.777244927443801146e+02 3.485541307321348654e+02 4.225221575608479156e+02 4.719713625263143513e+02 3.811154399237715893e+02 8.489475210502123446e+02 5.162954198680334912e+02 2.580697389489907323e+02 6.091386912654289745e+02 1.896127492666863645e+02 7.306161243093309849e+02 2.862620964791615279e+02 6.344666582841642821e+02 2.338075959402200681e+02 0.000000000000000000e+00 5.931778384249562350e+02 3.768606890767987352e+02 2.882099715594790723e+02 6.675327214573920287e+01 1.278827493625381635e+02 3.171907708185221395e+02
2.122851698658957389e+02 4.314904083125458101e+02 2.397018804936244862e+02 5.563964003086190360e+02 1.106028850968329635e+02 5.910439479342288678e+02 1.749085346130030985e+02 3.594773718882112803e+02 2.805084461735676200e+02 4.282732456129587604e+02 4.822550835379916521e+02 5.891705599625231571e+02 4.557213723873008462e+02 2.125299821537999776e+02 2.140864153287839429e+02 3.767187000747453567e+02 2.575033790134037872e+02 1.538733131532405309e+02 4.516856980354349389e+02 1.731415477631045405e+02 4.064443081026844311e+02 1.403566780981847444e+02 3.215617899014512204e+02 1.121784209880944729e+02 5.233449717663226011e+02 5.931778384249562350e+02 0.000000000000000000e+00 3.459306033358948298e+02 3.623271734345884170e+02 5.410249132247178068e+02 4.934145964653641840e+02 5.364195722563426898e+02
5.575705821545321896e+02 3.302180852726425542e+02 1.605521603295366617e+02 2.261083643873657252e+02 4.461624934876324460e+02 3.219083482410279089e+02 2.035706115179223161e+02 2.361778815526446067e+02 8.234682142122653659e+01 1.439513700254010189e+02 3.950113629770954162e+02 2.865135038047873195e+02 4.820808703686539047e+02 3.259831042853788290e+02 1.399178226985359572e+02 4.423267695153907653e+02 5.851084937306198981e+02 2.034821709267025653e+02 4.129890733777046421e+02 4.646568283079810158e+02 2.199204238658558381e+02 4.497821362846808597e+02 1.448102099066929611e+02 3.252137518261160380e+02 4.591840249388679354e+02 3.768606890767987352e+02 3.459306033358948298e+02 0.000000000000000000e+00 9.472591340349219990e+01 3.592436233016066467e+02 3.493565255108883889e+02 1.934373140656721830e+02
5.727861307201466161e+02 2.388911709214099801e+02 1.310343369645513292e+02 1.970177511469842955e+02 4.487537969292180833e+02 2.469169718467840084e+02 1.933132030672661301e+02 1.496027963809167147e+02 1.574102802631415443e+02 6.815423181092067750e+01 3.027292295484355691e+02 2.293141779997915819e+02 4.008802516992856795e+02 2.834254542671615127e+02 1.911282150777930724e+02 3.708719181114831258e+02 6.156662602484155968e+02 2.455402025939894202e+02 3.254980557629015721e+02 4.482688594102274351e+02 1.254830572911555180e+02 4.846080532823659723e+02 7.003570000042196853e+01 3.701958667329304262e+02 3.673104681491713563e+02 2.882099715594790723e+02 3.623271734345884170e+02 9.472591340349219990e+01 0.000000000000000000e+00 2.657310473812408986e+02 2.547017675430305701e+02 1.924187998311639660e+02
7.250027050552425862e+02 1.283900212830603209e+02 3.189121900372905998e+02 2.844169263925376754e+02 5.890305159630032676e+02 1.477869979713621831e+02 3.746691597137842109e+02 1.820439372781461032e+02 4.199487753128142344e+02 2.237543129916000169e+02 1.310953754341054491e+02 2.160601608127163047e+02 2.840598318592450937e+02 3.615093092743325087e+02 4.379052084848245840e+02 3.143962235784848076e+02 7.945916603418626210e+02 4.765259346595879606e+02 1.924162013164349219e+02 5.469204291443712691e+02 1.498432403435035098e+02 6.800705343018178155e+02 2.486000620534187817e+02 5.903388420653834601e+02 1.755049727050266881e+02 6.675327214573920287e+01 5.410249132247178068e+02 3.592436233016066467e+02 2.657310473812408986e+02 0.000000000000000000e+00 6.120457047003164064e+01 3.359434227374628108e+02
6.711221449555806657e+02 6.865857050584619969e+01 2.828373881946495203e+02 3.150634623429963881e+02 5.350709837917054301e+02 1.983053054913896744e+02 3.331380848580340626e+02 1.410319008486618770e+02 4.006756496498296656e+02 2.274906422967289075e+02 7.657675321533628221e+01 2.588049267134172737e+02 2.277542366972471370e+02 3.056550117319864626e+02 4.098255423151521200e+02 2.536000601378168540e+02 7.439636538110172523e+02 4.420915867503228469e+02 1.346476784819982981e+02 4.892810691600794257e+02 1.296340908508589962e+02 6.334302966193254179e+02 2.221710887817967262e+02 5.504851997713444689e+02 1.327403382243543604e+02 1.278827493625381635e+02 4.934145964653641840e+02 3.493565255108883889e+02 2.547017675430305701e+02 6.120457047003164064e+01 0.000000000000000000e+00 3.595385665755788978e+02
7.486714347537666754e+02 3.775102368177587664e+02 3.209750532028269845e+02 6.356885559355158222e+01 6.319532743902856282e+02 2.236358481757442007e+02 3.790843953140466738e+02 3.153822843555732902e+02 2.720900385247861664e+02 1.542076408040956323e+02 4.293483116371402843e+02 1.544020610886646807e+02 5.588022492680933055e+02 4.754418645757842228e+02 3.332641348772310721e+02 5.451797465373451814e+02 7.785434544547975975e+02 3.969193579693942411e+02 4.712472462797639992e+02 6.388113490796589531e+02 2.625280743086192388e+02 6.431873279987142951e+02 2.597306104960864559e+02 5.178899114498204881e+02 4.912758535287142081e+02 3.171907708185221395e+02 5.364195722563426898e+02 1.934373140656721830e+02 1.924187998311639660e+02 3.359434227374628108e+02 3.595385665755788978e+02 0.000000000000000000e+00
