avg_mse: 66.347479
std_mse: 0.000000
avg_num_of_selected_nodes: 38.000000
std_num_of_selected_nodes: 0.000000
avg_optimal_dis: 8213.434489 
std_optimal_dis: 0.000000 
avg_optimal_energy_cost: 8213.434489 
std_optimal_energy_cost: 0.000000 
