avg_mse: 27219.552068
std_mse: 3769.883785
avg_num_of_selected_nodes: 10.000000
std_num_of_selected_nodes: 3.405877
avg_optimal_dis: 7031.220977 
std_optimal_dis: 63.831341 
avg_optimal_energy_cost: 7031.220977 
std_optimal_energy_cost: 63.831341 
