avg_mse: 34151.292392
std_mse: 30559.793540
avg_num_of_selected_nodes: 12.000000
std_num_of_selected_nodes: 4.516636
avg_optimal_dis: 1919.214646 
std_optimal_dis: 31.319462 
avg_optimal_energy_cost: 1919.214646 
std_optimal_energy_cost: 31.319462 
