avg_mse: 27195.959774
std_mse: 4499.675227
avg_num_of_selected_nodes: 7.400000
std_num_of_selected_nodes: 2.059126
avg_optimal_dis: 1952.554837 
std_optimal_dis: 13.788081 
avg_optimal_energy_cost: 1952.554837 
std_optimal_energy_cost: 13.788081 
