avg_mse: 74434.048307
std_mse: 45457.108422
avg_num_of_selected_nodes: 12.000000
std_num_of_selected_nodes: 7.266361
avg_optimal_dis: 6993.366650 
std_optimal_dis: 131.005022 
avg_optimal_energy_cost: 6993.366650 
std_optimal_energy_cost: 131.005022 
