avg_mse: 105633.212225
std_mse: 53.997958
avg_num_of_selected_nodes: 46.000000
std_num_of_selected_nodes: 0.000000
avg_optimal_dis: 8105.372459 
std_optimal_dis: 0.000000 
avg_optimal_energy_cost: 8105.372459 
std_optimal_energy_cost: 0.000000 
