avg_mse: 70841.335928
std_mse: 29518.984657
avg_num_of_selected_nodes: 10.800000
std_num_of_selected_nodes: 4.833218
avg_optimal_dis: 1928.085664 
std_optimal_dis: 33.668225 
avg_optimal_energy_cost: 1928.085664 
std_optimal_energy_cost: 33.668225 
