avg_mse: 46345.922897
std_mse: 28667.933257
avg_num_of_selected_nodes: 8.000000
std_num_of_selected_nodes: 1.788854
avg_optimal_dis: 7067.421825 
std_optimal_dis: 31.355566 
avg_optimal_energy_cost: 7067.421825 
std_optimal_energy_cost: 31.355566 
