avg_mse: 15.114103
std_mse: 3.200548
avg_num_of_selected_nodes: 28.600000
std_num_of_selected_nodes: 2.332381
avg_optimal_dis: 8383.463905 
std_optimal_dis: 85.445885 
avg_optimal_energy_cost: 8383.463905 
std_optimal_energy_cost: 85.445885 
